201
288
357
593
306
425
41
439
292
100
531
253
377
546
2
695
462
274
1
578
211
446
261
759
459
743
147
31
153
603
258
340
723
721
150
343
592
708
508
746
238
619
194
339
633
18
262
556
256
122
748
752
547
366
252
273
101
545
645
460
225
506
154
472
133
222
740
39
354
612
254
400
718
421
208
401
447
717
313
351
412
308
250
35
128
457
176
124
213
653
186
628
142
692
317
334
528
613
255
217
129
127
335
501
620
236
235
315
107
33
152
108
564
155
170
390
580
379
402
280
473
426
615
587
571
309
148
464
164
392
756
710
198
332
324
670
663
655
138
156
513
184
182
649
159
480
456
196
753
430
435
668
434
140
560
488
445
279
344
656
767
498
437
204
470
436
735
267
399
189
175
763
755
535
584
685
496
336
251
595
23
417
410
698
352
541
631
734
321
706
658
394
468
491
106
120
212
475
37
13
567
614
539
210
312
693
386
259
241
683
550
697
319
216
143
12
188
552
341
751
482
705
380
517
158
642
722
554
310
731
27
630
532
687
730
492
582
529
640
677
715
736
428
303
325
246
218
231
709
137
703
9
431
574
333
673
237
411
749
577
678
227
728
669
123
219
239
643
121
608
489
115
510
214
245
534
405
353
544
551
458
424
10
383
538
559
418
277
28
207
369
286
215
169
116
161
385
629
381
38
485
1000
242
610
765
190
500
694
389
757
298
34
516
680
314
272
234
625
548
409
469
168
290
667
450
461
523
713
733
644
671
433
666
301
455
297
422
453
463
521
105
570
415
183
119
659
689
378
714
191
171
323
720
605
342
295
348
690
209
300
287
14
536
374
702
407
299
543
504
588
764
220
387
466
438
382
248
316
739
4
766
304
558
149
512
476
701
206
25
193
684
719
192
634
29
205
575
397
696
596
641
322
118
338
443
320
281
738
275
160
114
724
761
384
497
602
429
347
537
607
758
511
737
638
141
102
729
359
568
675
700
371
769
416
768
113
307
8
5
162
361
199
444
249
327
522
345
454
346
484
637
403
611
487
375
19
467
654
486
448
646
144
474
131
579
688
441
7
109
266
606
202
294
599
362
163
419
591
311
660
555
178
135
372
576
618
223
770
741
3
423
130
505
40
495
440
291
674
181
229
478
772
499
240
583
146
26
284
408
263
136
167
16
657
745
452
623
165
112
604
679
11
278
330
594
269
442
664
180
110
179
514
203
711
726
187
562
493
111
270
490
373
326
524
318
221
21
530
598
22
742
662
174
494
520
15
632
597
483
609
151
139
525
285
465
406
651
589
573
244
197
600
