812
942
1334
726
368
587
409
1684
766
1342
1227
714
947
1180
19
745
412
445
1484
484
580
1632
1598
640
1212
749
354
625
1435
1462
1166
1174
655
996
89
1503
1197
94
246
521
574
324
1139
981
170
695
111
108
1688
1593
614
1512
785
251
1463
306
160
770
1146
268
1476
670
1074
826
1630
1179
1085
52
1192
395
882
1070
1557
944
800
384
1237
56
1490
607
1520
1509
406
689
247
1682
473
1244
304
952
934
1613
369
710
1629
1690
1611
81
1471
244
1607
80
850
1559
1468
1223
905
652
772
926
520
1150
1145
1158
1234
802
404
636
303
582
1403
1034
1445
474
676
1592
1093
1416
506
1554
1004
310
49
457
460
425
844
1201
804
69
999
627
1250
175
1423
1396
249
887
912
121
153
1307
316
1037
853
139
314
41
1532
1643
378
759
885
420
1523
486
429
480
45
476
974
1266
1009
570
886
1024
852
606
1551
894
543
1626
602
1336
23
1262
1415
187
462
1670
1003
261
680
341
908
976
519
1107
1612
26
22
299
1072
869
257
739
318
394
1639
1576
379
1563
1329
864
477
518
357
567
556
924
86
152
898
456
1440
131
1064
817
1138
1429
293
1005
768
1102
373
1017
1239
448
1202
205
215
296
1354
533
535
1291
876
644
1263
107
923
927
42
819
1487
833
1097
1243
250
1634
328
1590
1260
232
1676
884
1333
1624
609
1641
914
1595
5
317
14
82
1026
193
1010
1152
350
801
1364
1148
1016
58
1434
1569
78
1282
254
499
120
1359
896
925
399
1094
271
979
708
1230
467
419
1659
37
857
492
1638
1105
731
957
1669
1375
1555
504
1504
1472
135
707
1616
874
1211
994
422
461
1407
91
1322
83
933
1133
103
1577
1216
1366
940
1164
487
1697
545
256
1254
116
57
53
126
260
530
1296
240
613
1582
198
177
622
230
1398
1326
238
1491
1481
1442
1467
662
891
221
1328
1373
11
325
219
1288
1184
1190
1405
1221
278
166
4
386
204
532
773
1101
1021
1135
554
63
568
146
1572
1653
1371
36
1001
1042
1264
87
1344
753
1654
371
1220
967
1566
709
267
758
815
124
1259
1386
752
259
693
605
1360
1089
888
1683
742
143
20
148
300
870
747
1495
136
1470
1538
1068
829
1302
1505
839
1665
991
569
959
1176
1278
97
1601
12
301
180
352
226
611
975
1027
1646
151
1397
28
179
1658
443
1549
164
992
1297
407
893
1578
1137
633
1399
1199
1035
265
593
989
1692
697
514
973
910
616
1312
1248
1181
719
1564
1351
1013
1459
1573
105
694
596
721
1603
712
1499
1324
945
624
1119
765
9
159
1156
792
1007
217
403
496
842
465
1686
118
813
1528
1299
581
854
1265
1116
364
100
32
503
901
966
1041
1067
733
27
666
1292
1110
679
292
1195
231
1129
938
965
1585
617
427
720
276
835
1115
1162
414
953
1048
7
1652
416
1589
1080
687
1338
954
691
1674
565
1092
591
1392
1608
1418
1122
743
1583
447
1012
660
516
1379
1167
1131
1421
823
678
326
777
481
523
73
0
1450
165
106
1058
672
1193
723
572
17
1437
1680
737
72
207
21
1185
1214
110
442
1699
986
900
50
191
916
541
1126
463
1666
1524
711
540
939
1232
509
470
639
948
322
1385
621
684
1267
1376
648
263
665
1428
85
551
1205
483
955
1422
1217
1206
428
1082
1124
102
822
1368
1618
1458
189
1390
1522
188
599
673
295
1378
222
1535
658
841
657
128
1207
1023
1256
798
458
1596
626
1516
336
1305
192
929
820
1283
681
1310
1644
1363
851
1052
1362
30
1331
978
479
1098
1537
436
1350
1208
1621
455
167
150
309
421
1427
727
269
1479
788
686
365
1485
1395
1347
1389
917
1215
329
1631
690
538
1460
13
928
321
1103
825
1043
1541
228
1330
501
838
972
1235
1588
524
526
104
529
485
1480
1465
1560
1356
1655
194
515
1393
741
8
1073
715
878
699
435
883
1279
985
1314
1492
398
668
1587
1536
312
340
832
650
818
1571
642
548
1518
1433
654
517
1531
1318
1409
510
493
960
1175
1183
411
861
1580
245
958
559
1298
478
353
437
866
1432
216
1671
464
367
1222
1698
1149
1627
1319
335
1461
1044
811
1159
1543
1063
904
782
1431
767
911
1128
1345
25
342
964
1642
1245
877
305
468
631
313
174
1071
475
273
1443
921
415
763
632
114
424
400
1636
233
1321
1548
144
1358
275
794
1556
426
634
553
359
1678
184
1441
1456
147
610
1519
1527
1687
1343
1648
1121
922
1391
1540
1656
828
892
223
906
879
1661
451
1525
789
444
935
995
1695
796
3
452
836
16
643
157
208
211
1242
327
735
141
1280
1076
1447
95
997
577
1420
846
1014
482
646
1664
1040
1353
1325
824
1599
279
1382
598
137
1381
372
725
751
1702
234
608
453
594
1293
190
814
1575
155
495
213
1454
612
703
1691
1165
1546
1567
298
1452
993
1352
603
848
1261
227
1238
805
1111
701
1276
488
1078
430
88
1473
1622
1679
389
1188
806
489
1604
433
778
738
816
588
1617
704
1079
513
597
119
1494
1335
1647
647
1144
1154
225
370
64
1182
746
713
722
66
1191
113
156
497
1570
84
1177
1387
941
930
446
315
40
696
971
1123
1501
919
1160
1315
158
1171
1011
344
43
1444
845
859
728
408
1553
1031
1046
522
585
840
248
734
685
1084
1075
843
1153
847
539
1113
1036
536
1317
795
872
557
55
705
308
454
1096
956
202
1533
229
1246
1161
286
1173
889
1251
698
6
1651
209
285
1464
716
438
909
653
2
1083
331
936
790
1226
860
1008
784
1400
962
1529
149
1370
511
1475
1304
1204
575
1449
490
1489
637
576
791
937
1426
392
132
35
1163
34
1255
235
837
1493
361
903
343
771
1542
1545
291
60
74
982
450
1130
1547
138
252
1132
1339
1668
1281
987
1053
584
183
133
498
1309
858
1628
1455
988
1081
563
718
1233
1478
1633
1087
732
920
1142
961
1685
1355
176
142
1120
1341
339
1372
729
236
1425
740
527
1032
998
264
1151
1060
528
199
808
241
1258
692
1228
1657
140
1194
1337
1141
1143
1637
1349
1225
1247
932
875
169
834
950
1346
1703
1045
134
786
491
1544
1584
1249
33
439
59
1394
1597
1380
1219
1270
1365
897
1022
590
730
706
601
255
507
330
649
1672
1018
776
243
645
595
757
61
862
1408
99
1453
48
1496
129
210
173
702
385
1579
1497
1272
830
47
667
381
638
1300
512
1100
90
682
1066
272
1388
1357
375
1231
1614
1062
868
1513
1419
756
1581
902
1316
382
970
663
502
661
1271
122
635
583
1104
628
1675
356
589
592
1439
1667
1303
1377
1402
1514
1099
51
809
1136
505
280
363
494
18
1502
311
274
951
1147
1457
1677
630
130
431
1689
44
10
351
262
79
1210
65
1404
1696
1411
201
323
1424
1000
182
1406
797
1586
1002
779
1412
1438
1274
566
1510
1311
109
688
1704
98
287
302
787
289
821
253
383
762
366
1323
75
827
332
396
432
700
1332
1189
294
881
1155
1112
393
969
760
544
1039
1020
659
459
810
1384
101
92
1108
1558
